0.118497 0.0830895 0.137235 0.277086 0.210545 0.173548 
0.121471 0.0857792 0.133705 0.277303 0.211171 0.17057 
0.122078 0.086066 0.131807 0.276289 0.209164 0.174597 
0.121898 0.0854584 0.134162 0.275424 0.211624 0.171434 
0.123297 0.0877458 0.134322 0.274126 0.211631 0.168879 
0.122695 0.0864952 0.132008 0.275966 0.209439 0.173398 
0.122082 0.0859569 0.133651 0.276158 0.210851 0.171301 
0.122464 0.0795365 0.14211 0.271924 0.223661 0.160305 
0.126544 0.0871861 0.137835 0.267893 0.217186 0.163356 
0.124398 0.0873567 0.134611 0.275335 0.208813 0.169486 
0.122923 0.0850576 0.136216 0.270813 0.215062 0.169929 
0.122838 0.0851178 0.133903 0.27782 0.209534 0.170788 
0.121077 0.0856664 0.132192 0.278413 0.212474 0.170178 
0.121433 0.0842605 0.134683 0.277834 0.211736 0.170053 
0.121837 0.0858878 0.133235 0.276773 0.209946 0.172321 
0.121875 0.0857135 0.134379 0.278008 0.207847 0.172177 
0.121859 0.0858275 0.133461 0.276543 0.210131 0.172178 
0.121484 0.0852564 0.132922 0.277528 0.21063 0.172179 
0.122891 0.0865964 0.132511 0.275714 0.209378 0.17291 
0.12264 0.0854484 0.134709 0.275545 0.211924 0.169734 
0.122868 0.0861162 0.134167 0.277857 0.212263 0.166729 
0.121403 0.0848512 0.132913 0.277599 0.210831 0.172403 
0.122032 0.0857489 0.13432 0.276232 0.21022 0.171448 
0.12197 0.0856617 0.134234 0.2754 0.210833 0.171902 
0.121175 0.0856008 0.134897 0.275838 0.210681 0.171808 
0.123371 0.0861855 0.13386 0.277298 0.208938 0.170347 
0.123098 0.086404 0.13311 0.274431 0.210916 0.17204 
0.122208 0.0869981 0.134573 0.274976 0.210867 0.170377 
0.121931 0.0854436 0.134657 0.275545 0.210689 0.171735 
0.124794 0.0867659 0.133553 0.274148 0.211597 0.169143 
0.120675 0.0848483 0.134616 0.275132 0.213588 0.171141 
0.123205 0.0857918 0.129666 0.280667 0.207287 0.173382 
0.121828 0.0859133 0.133139 0.276871 0.209867 0.172382 
0.12219 0.0802196 0.146226 0.262952 0.223796 0.164618 
0.124068 0.0814454 0.146839 0.263277 0.222709 0.161661 
0.121859 0.0858275 0.133461 0.276543 0.210131 0.172178 
0.120707 0.0858837 0.131102 0.276853 0.211386 0.174068 
0.121859 0.0858275 0.133461 0.276543 0.210131 0.172178 
0.119077 0.0815996 0.136793 0.280416 0.210287 0.171828 
0.121712 0.0853726 0.134797 0.276021 0.210722 0.171375 
0.122923 0.0846167 0.133606 0.279188 0.207857 0.171811 
0.121881 0.0850413 0.135117 0.275721 0.21204 0.1702 
0.121859 0.0858275 0.133461 0.276543 0.210131 0.172178 
0.122419 0.0845223 0.138106 0.271705 0.213747 0.169502 
0.124398 0.0873567 0.134611 0.275335 0.208813 0.169486 
0.123051 0.0864321 0.132947 0.274377 0.211328 0.171864 
0.136248 0.0472099 0.279707 0.128893 0.329862 0.07808 
0.124002 0.0858643 0.133451 0.274975 0.2109 0.170807 
0.124853 0.0865789 0.134162 0.273262 0.212285 0.168859 
0.123819 0.08697 0.134261 0.272174 0.214267 0.168509 
0.120204 0.0854878 0.131983 0.277689 0.21113 0.173506 
0.1224 0.0855476 0.13472 0.274514 0.211905 0.170913 
0.120551 0.084771 0.134361 0.275312 0.212523 0.172483 
0.119611 0.0861348 0.135788 0.277999 0.210209 0.170258 
0.120158 0.0854528 0.135117 0.27546 0.210624 0.173189 
0.120095 0.0839958 0.134838 0.275662 0.212193 0.173216 
0.122798 0.08598 0.134311 0.276687 0.211924 0.1683 
0.122291 0.0851912 0.137794 0.26938 0.21638 0.168964 
0.122053 0.0852012 0.134272 0.276122 0.210195 0.172156 
0.121645 0.0862721 0.134896 0.273375 0.212557 0.171255 
0.113982 0.050271 0.175998 0.296897 0.229991 0.132861 
0.121867 0.0861965 0.1329 0.276194 0.209928 0.172914 
0.119857 0.0834014 0.136054 0.275362 0.212573 0.172752 
0.123026 0.0856085 0.134176 0.275757 0.210795 0.170637 
0.121161 0.0860106 0.134386 0.275935 0.210609 0.171898 
0.122799 0.0857346 0.13628 0.272395 0.21349 0.169301 
0.120345 0.0849086 0.133342 0.276972 0.210953 0.173478 
0.12175 0.0857779 0.134375 0.27548 0.210899 0.171718 
0.122827 0.0866244 0.132026 0.275627 0.209788 0.173107 
0.122844 0.0843638 0.136399 0.274386 0.213677 0.168331 
0.122121 0.0853915 0.135207 0.274555 0.211802 0.170924 
0.121409 0.0857312 0.134369 0.276035 0.211229 0.171227 
0.119872 0.0849016 0.133346 0.277011 0.212435 0.172434 
0.121781 0.0857705 0.133761 0.276275 0.210402 0.172011 
0.121829 0.0859092 0.133154 0.276855 0.20988 0.172372 
0.121282 0.0856578 0.134607 0.275282 0.210845 0.172327 
0.12213 0.0854393 0.13418 0.275164 0.210224 0.172862 
0.122225 0.0862193 0.134005 0.275465 0.211128 0.170957 
0.122007 0.0853094 0.134899 0.276043 0.210859 0.170882 
0.122904 0.0859592 0.132588 0.275093 0.211 0.172455 
0.120523 0.0850067 0.132493 0.278751 0.210729 0.172497 
0.122008 0.0860126 0.133648 0.275702 0.210919 0.17171 
0.122106 0.0859254 0.13155 0.277544 0.210297 0.172579 
0.12364 0.0861228 0.134914 0.271825 0.213122 0.170377 
0.122124 0.0854759 0.13757 0.271338 0.214194 0.169299 
0.121062 0.0851941 0.133949 0.275875 0.212931 0.170989 
0.121363 0.0842645 0.136112 0.270964 0.215846 0.171451 
0.121872 0.0858579 0.133712 0.27597 0.210201 0.172387 
0.124398 0.0873567 0.134611 0.275335 0.208813 0.169486 
0.122115 0.0845628 0.133531 0.278595 0.209998 0.171197 
0.122728 0.0866299 0.132433 0.276674 0.209874 0.171661 
0.122102 0.0852315 0.135995 0.272367 0.21448 0.169826 
0.119983 0.086002 0.130274 0.279236 0.210516 0.173989 
0.125423 0.0865783 0.138985 0.263281 0.216754 0.168979 
0.121762 0.0858152 0.13305 0.276026 0.209765 0.173582 
0.121494 0.0850342 0.13394 0.276648 0.210488 0.172396 
0.12336 0.0856924 0.136017 0.271813 0.216367 0.166751 
0.122083 0.0856287 0.134219 0.274795 0.210569 0.172706 
0.122023 0.0870004 0.135897 0.270505 0.214183 0.170392 
0.123546 0.0857909 0.134197 0.278495 0.211414 0.166557 
0.123315 0.086175 0.134114 0.276955 0.209483 0.169957 
0.122457 0.0865484 0.131658 0.278335 0.208834 0.172167 
0.123022 0.0875022 0.135804 0.275586 0.207877 0.170208 
0.121833 0.0854598 0.136334 0.273119 0.214488 0.168766 
0.122651 0.0850729 0.133672 0.277521 0.210065 0.171019 
0.12357 0.0856474 0.135592 0.27225 0.214086 0.168855 
0.121126 0.0852777 0.134008 0.277481 0.209762 0.172345 
0.12184 0.0852015 0.134235 0.275382 0.211305 0.172035 
0.122315 0.08592 0.133947 0.274185 0.210117 0.173517 
0.12044 0.0848525 0.133669 0.276324 0.211775 0.172939 
0.122626 0.0863159 0.13389 0.273607 0.212087 0.171474 
0.122097 0.0850196 0.133177 0.27844 0.209677 0.17159 
0.120626 0.0860343 0.134776 0.277085 0.208943 0.172536 
0.121748 0.0855548 0.133294 0.275471 0.211747 0.172186 
0.121427 0.0851789 0.134546 0.276209 0.210919 0.17172 
0.120734 0.0841667 0.135792 0.277646 0.21405 0.167612 
0.120029 0.0836774 0.130283 0.281943 0.21084 0.173228 
0.120382 0.0856404 0.132108 0.277257 0.211393 0.17322 
0.119821 0.0824624 0.132312 0.279078 0.21351 0.172817 
0.120075 0.0854579 0.132 0.278047 0.210858 0.173562 
0.121778 0.0856245 0.132075 0.277897 0.209605 0.173021 
0.121386 0.0857847 0.133497 0.276759 0.211419 0.171154 
0.123792 0.0854424 0.132801 0.275586 0.21078 0.171598 
0.121159 0.0836334 0.138979 0.271037 0.21652 0.168671 
0.122594 0.0865257 0.132939 0.278533 0.21062 0.168788 
0.121792 0.0856973 0.134046 0.275653 0.210725 0.172087 
0.121807 0.0864937 0.133608 0.274931 0.209651 0.173509 
0.122798 0.08598 0.134311 0.276687 0.211924 0.1683 
0.122634 0.085534 0.134424 0.278315 0.213076 0.166017 
0.123257 0.0868338 0.131874 0.275103 0.210148 0.172784 
0.122729 0.0863834 0.134682 0.273466 0.211507 0.171232 
0.122972 0.0861651 0.134362 0.278715 0.212893 0.164893 
0.123343 0.0861379 0.133927 0.274072 0.212651 0.169869 
0.127922 0.0656033 0.204059 0.207306 0.267212 0.127897 
0.121577 0.0862757 0.134523 0.276497 0.210451 0.170676 
0.123464 0.0857779 0.135297 0.271869 0.213297 0.170295 
0.121516 0.0858137 0.133204 0.277731 0.208601 0.173135 
0.121837 0.0858878 0.133235 0.276773 0.209946 0.172321 
0.120038 0.0860168 0.130782 0.278534 0.211048 0.173581 
0.120151 0.0856018 0.131915 0.278097 0.211107 0.173128 
0.124562 0.0860515 0.133947 0.27745 0.208822 0.169168 
0.122883 0.085283 0.132891 0.278085 0.20972 0.171138 
0.122352 0.0859973 0.134472 0.274425 0.210871 0.171882 
0.123988 0.0864088 0.134904 0.271609 0.214426 0.168664 
0.121182 0.0843323 0.134475 0.277628 0.209831 0.172551 
0.124181 0.0864981 0.135074 0.271257 0.213764 0.169226 
0.122819 0.0864432 0.135986 0.272422 0.213277 0.169053 
0.121443 0.0849757 0.135497 0.275412 0.21128 0.171393 
0.121376 0.0862867 0.131325 0.277955 0.209804 0.173253 
0.122409 0.0860624 0.134467 0.274217 0.21092 0.171924 
0.122887 0.0852716 0.136976 0.269162 0.216382 0.169321 
0.123065 0.0856282 0.134578 0.27365 0.215095 0.167984 
0.123319 0.0872483 0.133274 0.275915 0.211326 0.168918 
0.122273 0.0766491 0.155424 0.257366 0.227759 0.160529 
0.11995 0.0859648 0.13053 0.279125 0.21051 0.17392 
0.122008 0.0860126 0.133648 0.275702 0.210919 0.17171 
0.122267 0.0848872 0.137902 0.269231 0.215514 0.170198 
0.121971 0.0854448 0.134586 0.276071 0.212703 0.169224 
0.12216 0.0854147 0.133856 0.276638 0.209979 0.171953 
0.121905 0.0853117 0.133172 0.277719 0.209643 0.17225 
0.122149 0.0860228 0.132722 0.277168 0.21023 0.171708 
0.124995 0.0809243 0.15155 0.254183 0.227885 0.160462 
0.122361 0.0854818 0.133894 0.278296 0.210811 0.169156 
0.121012 0.0854557 0.133291 0.278526 0.211116 0.170598 
0.125876 0.0757826 0.175982 0.235301 0.246891 0.140167 
0.120593 0.0849354 0.133611 0.275558 0.211914 0.173388 
0.121835 0.0866301 0.134578 0.275381 0.210446 0.17113 
0.12252 0.0857445 0.133859 0.27603 0.209554 0.172293 
0.122765 0.0859648 0.13427 0.276814 0.21192 0.168266 
0.1215 0.0858103 0.134801 0.274379 0.212083 0.171427 
0.119611 0.0847646 0.131123 0.279677 0.210949 0.173875 
0.121225 0.0852356 0.133471 0.276706 0.212322 0.171042 
0.122684 0.0870672 0.133806 0.271606 0.211751 0.173085 
0.122513 0.0867525 0.135789 0.270721 0.213153 0.171073 
0.123421 0.0856273 0.134204 0.276521 0.210074 0.170152 
0.122155 0.0856581 0.134129 0.274485 0.211054 0.172519 
0.121671 0.0857422 0.133931 0.276061 0.210597 0.171998 
0.121859 0.0858275 0.133461 0.276543 0.210131 0.172178 
0.121447 0.08676 0.134848 0.275893 0.211487 0.169565 
0.123059 0.0863811 0.13288 0.274678 0.210865 0.172137 
0.121875 0.0832825 0.139817 0.27121 0.215907 0.167908 
0.122058 0.0849508 0.133321 0.278847 0.208162 0.172661 
0.122117 0.0858113 0.13388 0.273124 0.213434 0.171633 
0.122071 0.0856545 0.133558 0.275079 0.210092 0.173545 
0.120858 0.0848271 0.131563 0.278994 0.209847 0.17391 
0.123096 0.0863712 0.133194 0.274358 0.210987 0.171994 
0.121645 0.0862721 0.134896 0.273375 0.212557 0.171255 
0.120864 0.085708 0.134376 0.277582 0.210327 0.171144 
0.123527 0.0862334 0.134323 0.275171 0.211678 0.169067 
0.121241 0.0851113 0.129122 0.279828 0.210999 0.173699 
0.122688 0.0863653 0.132823 0.27535 0.210776 0.171998 
0.120317 0.0855942 0.132037 0.277044 0.211279 0.17373 
0.121941 0.085211 0.135336 0.271486 0.214657 0.17137 
0.122853 0.0862881 0.133155 0.275123 0.211501 0.17108 
0.128192 0.0881533 0.1496 0.250657 0.224358 0.15904 
0.123096 0.0863712 0.133194 0.274358 0.210987 0.171994 
0.121837 0.0853501 0.134811 0.276492 0.209458 0.172051 
0.121515 0.0849328 0.133358 0.276948 0.211391 0.171855 
0.121955 0.08603 0.133592 0.277366 0.209996 0.171061 
0.121975 0.0857321 0.134058 0.275853 0.210671 0.171711 
0.121837 0.0858878 0.133235 0.276773 0.209946 0.172321 
0.121881 0.0853876 0.134592 0.276008 0.210563 0.171569 
0.122095 0.0858245 0.133475 0.277486 0.209814 0.171305 
0.125339 0.0846665 0.141579 0.262833 0.219354 0.166228 
0.122352 0.0861461 0.13385 0.276468 0.209021 0.172163 
0.121837 0.0858878 0.133235 0.276773 0.209946 0.172321 
0.121538 0.0853154 0.132092 0.278343 0.209313 0.173399 
0.122381 0.0857147 0.13317 0.275718 0.211962 0.171054 
0.121776 0.0757145 0.159662 0.250599 0.230651 0.161597 
0.122265 0.0861495 0.132845 0.277455 0.208654 0.172632 
0.124603 0.0816386 0.149863 0.256211 0.226372 0.161313 
0.121924 0.0856517 0.134122 0.27587 0.210672 0.171759 
0.123622 0.0865078 0.133787 0.273125 0.212448 0.17051 
0.122108 0.0862491 0.132868 0.278226 0.207923 0.172625 
0.122765 0.0859971 0.134018 0.275159 0.211001 0.17106 
0.121285 0.0864649 0.134755 0.275117 0.211187 0.171191 
0.122845 0.0859 0.134741 0.275247 0.211632 0.169634 
0.121859 0.0858275 0.133461 0.276543 0.210131 0.172178 
0.122102 0.0849067 0.134983 0.27543 0.211118 0.171461 
0.122921 0.0846269 0.135329 0.268856 0.214087 0.17418 
0.122221 0.086081 0.13348 0.273231 0.213276 0.17171 
0.122972 0.0861651 0.134362 0.278715 0.212893 0.164893 
0.123371 0.0861855 0.13386 0.277298 0.208938 0.170347 
0.123334 0.0831696 0.144769 0.263757 0.217882 0.167089 
0.122256 0.085417 0.135916 0.273564 0.213013 0.169834 
0.123688 0.0856657 0.13686 0.269971 0.215561 0.168255 
0.122826 0.0849464 0.135499 0.273887 0.211896 0.170945 
0.122011 0.0833532 0.13925 0.27138 0.215401 0.168604 
0.121837 0.0858878 0.133235 0.276773 0.209946 0.172321 
0.120915 0.0855709 0.134023 0.277787 0.209727 0.171976 
0.121487 0.0852636 0.133987 0.276901 0.211965 0.170397 
0.122115 0.0860731 0.133565 0.276078 0.210444 0.171725 
0.121761 0.085117 0.133509 0.276396 0.210075 0.173143 
0.121837 0.0858878 0.133235 0.276773 0.209946 0.172321 
0.126231 0.0777992 0.172765 0.234071 0.237679 0.151454 
0.122494 0.0865707 0.130442 0.278015 0.207663 0.174815 
0.122798 0.08598 0.134311 0.276687 0.211924 0.1683 
0.121801 0.0856098 0.133866 0.276663 0.210371 0.171689 
0.121693 0.0858145 0.130918 0.277546 0.21009 0.173939 
0.122479 0.0861207 0.133596 0.274899 0.211119 0.171785 
0.121575 0.0853125 0.13272 0.278553 0.209821 0.172019 
0.124923 0.0865986 0.136173 0.269299 0.214978 0.168028 
0.122171 0.0862973 0.132285 0.277421 0.208896 0.172929 
0.123039 0.0858933 0.134095 0.275267 0.211014 0.170691 
0.129994 0.0628025 0.22384 0.182947 0.286638 0.113778 
0.120106 0.085211 0.134262 0.276378 0.212376 0.171667 
0.121909 0.085654 0.133855 0.276371 0.21014 0.172071 
0.120964 0.0815931 0.143204 0.264831 0.219703 0.169706 
0.122004 0.085706 0.134247 0.275993 0.210594 0.171455 
0.124869 0.0876312 0.135272 0.273787 0.209716 0.168724 
0.123027 0.086084 0.134912 0.272708 0.213098 0.170171 
0.123096 0.0863712 0.133194 0.274358 0.210987 0.171994 
0.123631 0.0871297 0.133697 0.276247 0.210103 0.169192 
0.124389 0.0873627 0.134669 0.275247 0.20884 0.169492 
0.121826 0.0855539 0.134194 0.275749 0.210714 0.171964 
0.122651 0.0850729 0.133672 0.277521 0.210065 0.171019 
0.121829 0.0853009 0.134392 0.277507 0.210324 0.170647 
0.122812 0.085891 0.137869 0.272235 0.214527 0.166667 
0.121829 0.0852919 0.133703 0.277288 0.209208 0.17268 
0.122397 0.0858321 0.134959 0.275984 0.211475 0.169353 
0.124155 0.0876939 0.136086 0.272148 0.211412 0.168505 
0.120929 0.0857762 0.134548 0.276663 0.209717 0.172368 
0.122288 0.086721 0.133357 0.275489 0.210516 0.171629 
0.122895 0.0866153 0.13228 0.275672 0.209822 0.172715 
0.1227 0.0864825 0.132069 0.275868 0.209519 0.173361 
0.121734 0.0844448 0.141145 0.270299 0.214861 0.167516 
0.122709 0.0851385 0.133603 0.277497 0.209895 0.171158 
0.121813 0.0856166 0.133856 0.276395 0.210315 0.172004 
0.122865 0.0831085 0.143686 0.266147 0.218489 0.165705 
0.121859 0.0858275 0.133461 0.276543 0.210131 0.172178 
0.121921 0.0855903 0.136234 0.269356 0.211253 0.175647 
0.117949 0.079804 0.132506 0.288715 0.207784 0.173242 
0.120551 0.084771 0.134361 0.275312 0.212523 0.172483 
0.124088 0.0853975 0.146761 0.256726 0.222317 0.164711 
0.123279 0.0859293 0.13406 0.276273 0.210136 0.170323 
0.121813 0.0854502 0.133759 0.275655 0.211592 0.17173 
0.122502 0.0844511 0.133386 0.279078 0.209443 0.171139 
0.122219 0.0851962 0.135665 0.274131 0.211811 0.170979 
0.122018 0.0857653 0.13195 0.277228 0.209544 0.173495 
0.123666 0.0866055 0.135242 0.276483 0.213636 0.164367 
0.126218 0.0797734 0.158015 0.248774 0.233903 0.153317 
0.125237 0.0826665 0.14725 0.256011 0.224712 0.164124 
0.123949 0.0862066 0.134854 0.271782 0.214128 0.16908 
0.12161 0.0852789 0.133364 0.277175 0.21 0.172572 
0.123638 0.0872008 0.134214 0.276329 0.208519 0.170098 
0.122095 0.0863768 0.133245 0.277206 0.211173 0.169904 
0.123006 0.086178 0.13366 0.273973 0.212683 0.170501 
0.122798 0.08598 0.134311 0.276687 0.211924 0.1683 
0.121955 0.0857938 0.134179 0.275493 0.210515 0.172063 
0.123626 0.0862627 0.134747 0.273318 0.212881 0.169165 
0.121816 0.0859149 0.133192 0.276924 0.210237 0.171915 
0.123891 0.0862012 0.13485 0.271299 0.21431 0.169449 
0.12101 0.0843287 0.137757 0.275873 0.209539 0.171492 
0.121809 0.0854016 0.134856 0.276663 0.209113 0.172157 
0.120254 0.0861619 0.129778 0.279755 0.210644 0.173407 
0.122409 0.0853632 0.134702 0.274325 0.212615 0.170586 
0.122078 0.0859725 0.133724 0.276425 0.210118 0.171683 
0.121586 0.085793 0.133703 0.275968 0.211448 0.171502 
0.121955 0.0857938 0.134179 0.275493 0.210515 0.172063 
0.122602 0.0856046 0.135647 0.2708 0.214726 0.170621 
0.12488 0.0838441 0.140371 0.266762 0.219977 0.164166 
0.124674 0.0886296 0.13377 0.270537 0.212363 0.170026 
0.121631 0.0853094 0.135385 0.272551 0.213324 0.171799 
0.120673 0.083656 0.135952 0.27172 0.216218 0.171782 
0.119726 0.0858175 0.130338 0.2794 0.210567 0.174151 
0.122589 0.0851088 0.133009 0.278122 0.209815 0.171355 
0.122502 0.0844511 0.133386 0.279078 0.209443 0.171139 
0.121282 0.0830881 0.13518 0.275363 0.212363 0.172724 
0.123238 0.0857653 0.136096 0.272653 0.214469 0.167778 
0.122716 0.0861738 0.13434 0.277323 0.212123 0.167324 
0.121034 0.0855773 0.133468 0.275382 0.212404 0.172134 
0.12176 0.0859994 0.133282 0.277101 0.209332 0.172525 
0.121924 0.0856517 0.134122 0.27587 0.210672 0.171759 
0.120587 0.0853075 0.132487 0.277748 0.211194 0.172676 
0.121919 0.0856448 0.13476 0.27372 0.212513 0.171444 
0.122032 0.0857489 0.13432 0.276232 0.21022 0.171448 
0.121744 0.0858401 0.133115 0.276488 0.210135 0.172678 
0.122091 0.0859481 0.133187 0.276244 0.208105 0.174425 
0.119746 0.0841408 0.134625 0.278781 0.210556 0.172152 
0.120838 0.0856703 0.1347 0.277568 0.209983 0.171241 
0.122309 0.082051 0.142272 0.269538 0.216433 0.167397 
0.118457 0.0707297 0.160797 0.272101 0.226049 0.151866 
0.122297 0.0841308 0.138206 0.268416 0.214879 0.172071 
0.122238 0.0849992 0.133921 0.276429 0.212384 0.170029 
0.122551 0.0862601 0.133444 0.27779 0.211964 0.16799 
0.12193 0.0861018 0.133289 0.276788 0.209647 0.172244 
0.121286 0.0828671 0.132159 0.275879 0.209239 0.17857 
0.121826 0.0866526 0.135323 0.272021 0.213307 0.170871 
0.121846 0.0846982 0.136992 0.274458 0.211535 0.17047 
0.123098 0.0837567 0.140822 0.265636 0.218379 0.168308 
0.121672 0.0861773 0.13147 0.279897 0.206871 0.173913 
0.122392 0.0862485 0.133426 0.278723 0.211936 0.167274 
0.120975 0.085541 0.133789 0.277741 0.210828 0.171126 
0.1215 0.0858103 0.134801 0.274379 0.212083 0.171427 
0.123445 0.0860845 0.134068 0.273251 0.212272 0.170878 
0.122868 0.0861162 0.134167 0.277857 0.212263 0.166729 
0.122972 0.0861651 0.134362 0.278715 0.212893 0.164893 
0.125353 0.0876477 0.136289 0.271422 0.210756 0.168533 
0.121411 0.0855636 0.135117 0.275521 0.211215 0.171172 
0.121829 0.0859092 0.133154 0.276855 0.20988 0.172372 
0.127645 0.0776952 0.173194 0.234668 0.245473 0.141325 
0.124202 0.0869522 0.134572 0.274382 0.210111 0.16978 
0.124685 0.0773956 0.173588 0.235599 0.244829 0.143904 
0.124192 0.0865775 0.134281 0.271352 0.213677 0.16992 
0.123806 0.0867591 0.133977 0.276244 0.209546 0.169667 
0.122463 0.0856707 0.13368 0.277503 0.210455 0.170227 
0.121214 0.0861305 0.133522 0.277565 0.21187 0.169699 
0.12264 0.0854484 0.134709 0.275545 0.211924 0.169734 
0.121623 0.0853948 0.132376 0.278074 0.210391 0.172141 
0.120341 0.086498 0.133654 0.276676 0.209719 0.173112 
0.122398 0.084153 0.133107 0.27939 0.209455 0.171498 
0.121005 0.0857417 0.132842 0.277706 0.209803 0.172902 
0.122502 0.0844511 0.133386 0.279078 0.209443 0.171139 
0.122312 0.0861978 0.133819 0.274443 0.210811 0.172417 
0.119883 0.0858511 0.132504 0.284494 0.210149 0.167119 
0.121853 0.0851724 0.134313 0.27577 0.211122 0.171768 
0.122223 0.0857064 0.13362 0.276354 0.210506 0.17159 
0.121532 0.0855825 0.133226 0.277071 0.210082 0.172507 
0.123679 0.0861466 0.137117 0.271003 0.214521 0.167534 
0.121082 0.0856007 0.134012 0.277421 0.209959 0.171926 
0.121859 0.0858275 0.133461 0.276543 0.210131 0.172178 
0.122592 0.0852628 0.138406 0.271874 0.215011 0.166854 
0.119721 0.085345 0.131872 0.278257 0.211422 0.173383 
0.122527 0.0839825 0.145897 0.26595 0.221724 0.159919 
0.120096 0.0813872 0.139743 0.269662 0.215136 0.173976 
0.121717 0.0859037 0.132529 0.277052 0.209949 0.172849 
0.122668 0.086447 0.132037 0.275976 0.209491 0.173382 
0.124185 0.0862392 0.132893 0.277261 0.209579 0.169843 
0.123126 0.0860736 0.134515 0.275581 0.211162 0.169542 
0.123092 0.082126 0.142969 0.268886 0.220931 0.161996 
0.123603 0.0862656 0.132388 0.278386 0.209819 0.169538 
0.122006 0.086142 0.13331 0.27808 0.207681 0.17278 
0.121829 0.0788027 0.147091 0.259894 0.225085 0.167298 
0.121859 0.0858275 0.133461 0.276543 0.210131 0.172178 
0.125191 0.0875303 0.133801 0.274777 0.209342 0.169358 
0.122466 0.0840295 0.139983 0.270088 0.21529 0.168144 
0.122836 0.0848055 0.139723 0.267704 0.218518 0.166413 
0.120457 0.085405 0.132971 0.27619 0.211955 0.173022 
0.121868 0.0858292 0.133497 0.276484 0.210179 0.172143 
0.123362 0.0861735 0.133778 0.276844 0.20999 0.169853 
0.123128 0.0868097 0.132458 0.274389 0.210351 0.172865 
0.121268 0.0816272 0.139827 0.267003 0.217897 0.172378 
0.122129 0.0856661 0.133524 0.275041 0.210803 0.172836 
0.122405 0.0860362 0.134309 0.274556 0.210475 0.172218 
0.123272 0.0860658 0.134029 0.276631 0.210442 0.169561 
0.123253 0.0865352 0.133307 0.277084 0.210029 0.169792 
0.120317 0.0855942 0.132037 0.277044 0.211279 0.17373 
0.121446 0.0848882 0.131507 0.279254 0.209101 0.173804 
0.123021 0.0861664 0.13242 0.275099 0.210944 0.172349 
0.123809 0.0869557 0.133421 0.274411 0.211623 0.16978 
0.121837 0.0858878 0.133235 0.276773 0.209946 0.172321 
0.126182 0.0803819 0.15278 0.251132 0.232358 0.157166 
0.122695 0.0864952 0.132008 0.275966 0.209439 0.173398 
0.121807 0.0864937 0.133608 0.274931 0.209651 0.173509 
0.121133 0.0866376 0.134065 0.275983 0.20987 0.172311 
0.121962 0.0886477 0.132387 0.274961 0.209757 0.172284 
0.124556 0.0870755 0.134392 0.274964 0.209525 0.169486 
0.120587 0.0853075 0.132487 0.277748 0.211194 0.172676 
0.120737 0.0860087 0.135044 0.273926 0.211892 0.172393 
0.119903 0.0858298 0.133004 0.275688 0.212636 0.172939 
0.121859 0.0858275 0.133461 0.276543 0.210131 0.172178 
0.121953 0.0848924 0.136227 0.27452 0.211851 0.170556 
0.123525 0.0868172 0.136467 0.272201 0.214066 0.166925 
0.120665 0.0851011 0.133013 0.277039 0.211947 0.172235 
0.121906 0.0857236 0.133871 0.275735 0.210511 0.172254 
0.122446 0.0886817 0.13176 0.275543 0.213092 0.168477 
0.122543 0.085916 0.134759 0.27389 0.211973 0.17092 
0.12163 0.0856407 0.133524 0.276795 0.209585 0.172825 
0.122515 0.0859209 0.132458 0.275967 0.211085 0.172055 
0.121859 0.0858275 0.133461 0.276543 0.210131 0.172178 
0.125279 0.0876926 0.13611 0.265496 0.218116 0.167307 
0.122226 0.0860414 0.133702 0.277136 0.208846 0.172049 
0.122463 0.0862296 0.132857 0.275009 0.210773 0.172669 
0.121826 0.0866526 0.135323 0.272021 0.213307 0.170871 
0.122904 0.0859592 0.132588 0.275093 0.211 0.172455 
0.122904 0.0859592 0.132588 0.275093 0.211 0.172455 
0.146603 0.0189117 0.384486 0.02156 0.415489 0.0129501 
0.122269 0.0861845 0.136721 0.273606 0.213016 0.168203 
0.122798 0.08598 0.134311 0.276687 0.211924 0.1683 
0.124133 0.0863207 0.134565 0.272861 0.213229 0.168891 
0.121998 0.0859901 0.131125 0.277617 0.208836 0.174435 
0.122021 0.0858211 0.133543 0.27778 0.20857 0.172266 
0.12172 0.0854925 0.13402 0.276889 0.209596 0.172283 
0.1227 0.086141 0.133804 0.277222 0.211507 0.168626 
0.122182 0.0860261 0.13389 0.274846 0.210742 0.172315 
0.122283 0.0856436 0.132491 0.277536 0.20925 0.172796 
0.121837 0.0858878 0.133235 0.276773 0.209946 0.172321 
0.122624 0.084659 0.135632 0.274119 0.214627 0.168339 
0.122008 0.0860126 0.133648 0.275628 0.210919 0.171784 
0.120368 0.0856699 0.131116 0.278293 0.210669 0.173883 
0.125768 0.0780951 0.159446 0.247394 0.234229 0.155068 
0.122054 0.0848631 0.134045 0.2756 0.210066 0.173372 
0.12283 0.0866527 0.133557 0.276831 0.210593 0.169536 
0.120948 0.0852751 0.133093 0.278085 0.209751 0.172848 
0.121837 0.0858878 0.133235 0.276773 0.209946 0.172321 
0.125585 0.0799204 0.155747 0.250243 0.229905 0.158599 
0.122405 0.0867653 0.132489 0.279001 0.210417 0.168923 
0.121955 0.08603 0.133592 0.277366 0.209996 0.171061 
0.122078 0.0863216 0.133381 0.275058 0.210365 0.172796 
0.12198 0.0856129 0.133449 0.276146 0.210582 0.17223 
0.12035 0.0829901 0.132369 0.279568 0.213081 0.171643 
0.122552 0.0863255 0.132008 0.276151 0.209448 0.173514 
0.122791 0.0839561 0.140153 0.268882 0.216692 0.167526 
0.11995 0.0859648 0.13053 0.279125 0.21051 0.17392 
0.122091 0.0859481 0.133187 0.276244 0.208105 0.174425 
0.121859 0.0858275 0.133461 0.276543 0.210131 0.172178 
0.128459 0.0669291 0.203635 0.205164 0.267252 0.128561 
0.121859 0.0858275 0.133461 0.276543 0.210131 0.172178 
0.121328 0.0863578 0.131992 0.276987 0.20994 0.173396 
0.123713 0.0859454 0.134549 0.272677 0.213169 0.169946 
0.120183 0.0849941 0.133199 0.276668 0.211623 0.173333 
0.121286 0.0828671 0.132159 0.275879 0.209239 0.17857 
0.121996 0.0859147 0.133331 0.27663 0.210383 0.171745 
0.122606 0.084082 0.140203 0.269546 0.215696 0.167867 
0.124167 0.0849111 0.139413 0.26684 0.217873 0.166797 
0.121859 0.0858275 0.133461 0.276543 0.210131 0.172178 
0.122651 0.0850729 0.133672 0.277521 0.210065 0.171019 
0.121443 0.0849757 0.135497 0.275412 0.21128 0.171393 
0.121101 0.0848554 0.133458 0.277875 0.210809 0.171902 
0.120895 0.084536 0.134654 0.274693 0.212518 0.172704 
0.122007 0.0853882 0.133263 0.277006 0.20987 0.172466 
0.122954 0.0857445 0.134224 0.275472 0.211193 0.170413 
0.120421 0.0827693 0.13589 0.274977 0.21396 0.171982 
0.12438 0.0873604 0.134753 0.275276 0.208712 0.169519 
0.126092 0.086861 0.139456 0.26545 0.217906 0.164236 
0.122551 0.0862601 0.133444 0.27779 0.211964 0.16799 
0.123133 0.08611 0.13338 0.275347 0.210486 0.171545 
0.121645 0.0862721 0.134896 0.273375 0.212557 0.171255 
0.121704 0.0849277 0.133033 0.27844 0.209066 0.172829 
0.121507 0.0854048 0.134525 0.274125 0.212355 0.172082 
0.121541 0.0859486 0.131369 0.279097 0.208653 0.173392 
0.122761 0.0864712 0.134426 0.275217 0.209782 0.171343 
0.121704 0.085729 0.133452 0.277713 0.208233 0.173169 
0.122116 0.0849943 0.135911 0.274298 0.212284 0.170398 
0.121931 0.0841044 0.138485 0.273339 0.213917 0.168224 
0.123924 0.0861341 0.135029 0.271195 0.213186 0.170532 
0.123258 0.0777717 0.158953 0.250778 0.231124 0.158116 
0.122421 0.0860763 0.134683 0.273482 0.211107 0.172231 
0.124149 0.085958 0.133535 0.276041 0.208815 0.171502 
0.121969 0.0859671 0.133593 0.275871 0.21071 0.17189 
0.122413 0.0857886 0.134277 0.276225 0.211773 0.169524 
0.121837 0.0858878 0.133235 0.276773 0.209946 0.172321 
0.121864 0.0857017 0.133689 0.276401 0.21096 0.171385 
0.12164 0.0863399 0.132627 0.276983 0.209235 0.173174 
0.12222 0.0855128 0.131777 0.277698 0.210008 0.172784 
0.121577 0.0857056 0.133716 0.276361 0.21052 0.172119 
0.121924 0.0856517 0.134122 0.27587 0.210672 0.171759 
0.128433 0.0791882 0.168754 0.232214 0.244105 0.147305 
0.121996 0.0859147 0.133587 0.276495 0.210383 0.171624 
0.122475 0.0855904 0.133427 0.274811 0.211346 0.17235 
0.121714 0.085798 0.13414 0.275567 0.211123 0.171658 
0.121679 0.0855024 0.133656 0.27627 0.211255 0.171638 
0.123461 0.0859395 0.134336 0.273044 0.212424 0.170796 
0.121041 0.084101 0.137748 0.271963 0.214714 0.170433 
0.122617 0.0844783 0.133047 0.279614 0.209121 0.171123 
0.121633 0.0861993 0.132536 0.276982 0.210736 0.171913 
0.119849 0.0839972 0.135343 0.275867 0.21375 0.171194 
0.121896 0.0852249 0.13508 0.275685 0.211952 0.170161 
0.121837 0.0858878 0.133235 0.276773 0.209946 0.172321 
0.122026 0.0866692 0.133816 0.274498 0.209775 0.173216 
