test1 0.123934 0.0864144 0.134149 0.277076 0.210112 0.168315 
test2 0.123793 0.0861424 0.13373 0.276486 0.211995 0.167853 
test3 0.123992 0.086939 0.133311 0.278511 0.210162 0.167085 
test4 0.123865 0.0860195 0.133771 0.277067 0.211249 0.168029 
test5 0.124401 0.086253 0.132948 0.277084 0.211972 0.167341 
test6 0.125281 0.0872838 0.134407 0.273498 0.211608 0.167922 
test7 0.123648 0.0857791 0.133429 0.277515 0.211027 0.168602 
test8 0.123602 0.086181 0.133108 0.276577 0.21112 0.169411 
test9 0.124308 0.0877266 0.132615 0.274782 0.210401 0.170168 
test10 0.124834 0.0877203 0.133113 0.275177 0.211648 0.167509 
test11 0.124047 0.0864759 0.133887 0.276406 0.210841 0.168343 
test12 0.124215 0.0859659 0.134376 0.276373 0.211219 0.167852 
test13 0.124191 0.0870109 0.134268 0.274262 0.210694 0.169574 
test14 0.124721 0.0875561 0.133321 0.27605 0.210616 0.167737 
test15 0.12381 0.0864033 0.134469 0.27406 0.211413 0.169844 
test16 0.124548 0.0868837 0.133933 0.275844 0.21082 0.167971 
test17 0.123992 0.086939 0.133311 0.278511 0.210162 0.167085 
test18 0.124506 0.0861532 0.134212 0.275076 0.211216 0.168837 
test19 0.124437 0.0873981 0.133752 0.273676 0.21151 0.169226 
test20 0.123535 0.0853122 0.132731 0.277519 0.210585 0.170317 
test21 0.123805 0.0859689 0.133375 0.277535 0.211994 0.167321 
test22 0.123239 0.0862731 0.132613 0.277652 0.210437 0.169786 
test23 0.123706 0.0865444 0.13258 0.27669 0.209903 0.170576 
test24 0.124163 0.0859175 0.132696 0.277949 0.210368 0.168907 
test25 0.123557 0.0856989 0.131471 0.279002 0.211259 0.169011 
test26 0.123218 0.0858973 0.133401 0.276285 0.210334 0.170864 
test27 0.124143 0.0866335 0.132108 0.276825 0.211003 0.169287 
test28 0.12373 0.0861858 0.133318 0.277732 0.210767 0.168267 
test29 0.124101 0.086383 0.132891 0.278415 0.21117 0.16704 
test30 0.124166 0.0857077 0.132782 0.278529 0.211362 0.167454 
test31 0.123886 0.0860396 0.133934 0.276498 0.211074 0.168568 
test32 0.123972 0.0863151 0.132417 0.279063 0.210171 0.168062 
test33 0.12414 0.0861597 0.13292 0.279423 0.210915 0.166442 
test34 0.123936 0.0863553 0.13277 0.278441 0.210482 0.168016 
test35 0.124816 0.0868038 0.132845 0.277446 0.21076 0.167329 
test36 0.124541 0.086947 0.133909 0.275417 0.21193 0.167256 
test37 0.124537 0.0862392 0.133972 0.276305 0.211025 0.167921 
test38 0.123423 0.0859525 0.131667 0.280984 0.209191 0.168782 
test39 0.125826 0.0881853 0.13358 0.275252 0.21094 0.166218 
test40 0.125337 0.0874512 0.134426 0.274578 0.21248 0.165728 
test41 0.123884 0.086587 0.133912 0.276643 0.210875 0.168099 
test42 0.124358 0.0868586 0.133758 0.275006 0.211009 0.16901 
test43 0.12514 0.0871457 0.132189 0.277713 0.211428 0.166385 
test44 0.123305 0.0857343 0.132517 0.277765 0.211486 0.169192 
test45 0.124543 0.0865976 0.133869 0.275946 0.212662 0.166382 
test46 0.124084 0.0860862 0.133774 0.277352 0.210331 0.168372 
test47 0.123128 0.0858348 0.133521 0.277191 0.210782 0.169543 
test48 0.123863 0.0861987 0.133068 0.276937 0.211467 0.168465 
test49 0.123151 0.0858388 0.132033 0.278261 0.210826 0.16989 
test50 0.123249 0.085677 0.132387 0.278592 0.211443 0.168652 
test51 0.124415 0.0863685 0.133571 0.276336 0.210387 0.168923 
test52 0.124232 0.0861235 0.133932 0.276118 0.211041 0.168554 
test53 0.123782 0.0862478 0.132519 0.278857 0.21022 0.168374 
test54 0.124305 0.0857759 0.134199 0.277052 0.210561 0.168107 
test55 0.12426 0.0862601 0.132348 0.278338 0.210792 0.168002 
test56 0.123434 0.0857563 0.132597 0.277059 0.212497 0.168656 
test57 0.12413 0.0861952 0.13392 0.276627 0.210556 0.168572 
test58 0.124882 0.088038 0.134153 0.275065 0.210259 0.167603 
test59 0.123667 0.0860705 0.133386 0.276998 0.212496 0.167383 
test60 0.124105 0.0866015 0.133133 0.27771 0.211391 0.16706 
test61 0.124153 0.0862379 0.13349 0.277357 0.212237 0.166524 
test62 0.123779 0.0863449 0.133394 0.276884 0.210758 0.16884 
test63 0.12443 0.0863749 0.134298 0.275572 0.212154 0.167172 
test64 0.124712 0.0867382 0.132845 0.277679 0.210622 0.167403 
test65 0.124574 0.0864973 0.132796 0.276839 0.211243 0.168051 
test66 0.124421 0.0864208 0.133652 0.276178 0.211799 0.167528 
test67 0.124063 0.0868796 0.132859 0.275593 0.211599 0.169006 
test68 0.124331 0.0865653 0.1328 0.277741 0.210635 0.167927 
test69 0.124243 0.0869008 0.132806 0.278405 0.210379 0.167267 
test70 0.124952 0.0870263 0.133879 0.274222 0.213875 0.166046 
test71 0.124836 0.0870595 0.13405 0.274227 0.213453 0.166375 
test72 0.124203 0.0865156 0.134646 0.276151 0.211623 0.16686 
test73 0.124289 0.0865382 0.132733 0.277851 0.210439 0.16815 
test74 0.123762 0.0863615 0.132143 0.27738 0.209065 0.171289 
test75 0.123562 0.0869558 0.133164 0.276542 0.210861 0.168915 
test76 0.12411 0.0864959 0.132294 0.277064 0.209849 0.170188 
test77 0.124703 0.0866099 0.133286 0.277365 0.211268 0.166768 
test78 0.123653 0.0857512 0.133499 0.277587 0.210927 0.168583 
test79 0.124191 0.0866245 0.133081 0.277102 0.210742 0.168259 
test80 0.124253 0.0864767 0.133304 0.277283 0.211189 0.167495 
test81 0.123753 0.0865617 0.13285 0.277761 0.21004 0.169035 
test82 0.124495 0.087603 0.13246 0.276342 0.210883 0.168218 
test83 0.124663 0.0866452 0.133296 0.277648 0.211141 0.166607 
test84 0.124833 0.0877727 0.132308 0.276121 0.211073 0.167893 
test85 0.123272 0.085986 0.132063 0.279422 0.210344 0.168914 
test86 0.123505 0.0857007 0.131974 0.278139 0.211246 0.169436 
test87 0.124199 0.0866254 0.133073 0.277548 0.210526 0.168029 
test88 0.124272 0.086567 0.132811 0.277214 0.211055 0.168081 
test89 0.123987 0.0859385 0.133978 0.276443 0.210808 0.168845 
test90 0.124602 0.0866741 0.132721 0.277845 0.210626 0.167531 
test91 0.124387 0.0862721 0.134041 0.27713 0.211241 0.16693 
test92 0.124265 0.0859074 0.132951 0.278858 0.210964 0.167056 
test93 0.12424 0.0857122 0.134337 0.276488 0.211482 0.167741 
test94 0.123932 0.0861592 0.133648 0.276414 0.211939 0.167908 
test95 0.123753 0.0860017 0.134163 0.276896 0.211283 0.167903 
test96 0.124051 0.0861542 0.134079 0.276635 0.210795 0.168286 
test97 0.124427 0.0866744 0.133052 0.277557 0.210531 0.167759 
test98 0.124269 0.0862516 0.133329 0.277354 0.210965 0.167831 
test99 0.125569 0.0862213 0.133947 0.276537 0.211033 0.166694 
test100 0.123564 0.0860365 0.131968 0.278232 0.21144 0.168759 
test101 0.12487 0.0866995 0.132744 0.27818 0.210784 0.166723 
test102 0.124869 0.0856991 0.132177 0.278734 0.211197 0.167324 
test103 0.124254 0.0858848 0.134306 0.276374 0.211268 0.167913 
test104 0.124269 0.0862516 0.133329 0.277354 0.210965 0.167831 
test105 0.124553 0.0876837 0.132331 0.276647 0.210408 0.168377 
test106 0.12449 0.0862564 0.133551 0.276621 0.211936 0.167146 
test107 0.123699 0.0862847 0.132859 0.278134 0.210329 0.168694 
test108 0.123944 0.0864982 0.133646 0.276999 0.210664 0.168249 
test109 0.123435 0.0851542 0.132663 0.278317 0.211204 0.169227 
test110 0.123936 0.0863553 0.132685 0.278095 0.210345 0.168584 
test111 0.124631 0.0862668 0.132602 0.275621 0.213003 0.167876 
test112 0.124156 0.0873538 0.132467 0.276678 0.210712 0.168634 
test113 0.125177 0.0870745 0.133756 0.275143 0.212047 0.166803 
test114 0.123563 0.0858393 0.131574 0.279257 0.211001 0.168767 
test115 0.124474 0.0872542 0.132136 0.276721 0.211151 0.168264 
test116 0.124441 0.0865864 0.132986 0.278166 0.210408 0.167412 
test117 0.123937 0.0864756 0.133218 0.276552 0.211474 0.168343 
test118 0.123802 0.0864996 0.131921 0.277432 0.208861 0.171484 
test119 0.12379 0.0861627 0.133197 0.277523 0.210598 0.16873 
test120 0.123544 0.0860245 0.132886 0.278416 0.209759 0.169372 
test121 0.123309 0.0855508 0.132994 0.277324 0.211188 0.169635 
test122 0.123817 0.0858771 0.133684 0.2764 0.210654 0.169567 
test123 0.124102 0.0863553 0.133195 0.278087 0.211044 0.167217 
test124 0.123508 0.0858648 0.132746 0.277561 0.211522 0.168798 
test125 0.124362 0.0866661 0.132662 0.276166 0.209696 0.170448 
test126 0.125024 0.0872691 0.133766 0.274634 0.212153 0.167153 
test127 0.123433 0.0865684 0.132842 0.277701 0.210256 0.1692 
test128 0.124421 0.0865373 0.133615 0.276085 0.21133 0.168012 
test129 0.124093 0.0873392 0.132469 0.275949 0.211331 0.168819 
test130 0.124602 0.0866741 0.132721 0.277845 0.210626 0.167531 
test131 0.124463 0.0850406 0.129963 0.276628 0.217036 0.166869 
test132 0.12371 0.0863131 0.13241 0.278362 0.210238 0.168968 
test133 0.124099 0.0859431 0.131217 0.282381 0.208483 0.167877 
test134 0.123532 0.0860502 0.132634 0.278207 0.210151 0.169426 
test135 0.124535 0.0866438 0.132999 0.277553 0.210814 0.167455 
test136 0.124192 0.0866278 0.132337 0.280756 0.210481 0.165606 
test137 0.12367 0.0856969 0.13377 0.277432 0.21065 0.168781 
test138 0.124723 0.086515 0.133506 0.276377 0.212058 0.166821 
test139 0.124307 0.0855183 0.133688 0.277395 0.210833 0.168258 
test140 0.12357 0.0859147 0.131947 0.277224 0.209247 0.172097 
test141 0.124847 0.0866433 0.133589 0.276041 0.212261 0.166618 
test142 0.124569 0.0868089 0.132394 0.27738 0.210851 0.167998 
test143 0.125487 0.0867734 0.133493 0.276124 0.212448 0.165675 
test144 0.124724 0.08666 0.132402 0.27922 0.210246 0.166747 
test145 0.123317 0.0856935 0.132973 0.278475 0.210874 0.168667 
test146 0.124545 0.0874815 0.132389 0.275958 0.210703 0.168924 
test147 0.124331 0.0865653 0.1328 0.277741 0.210635 0.167927 
test148 0.124205 0.0859514 0.133754 0.276934 0.21069 0.168467 
test149 0.124236 0.0865632 0.132315 0.276841 0.211768 0.168277 
test150 0.124565 0.086021 0.131135 0.279191 0.207743 0.171345 
test151 0.123834 0.0869272 0.132451 0.276653 0.21041 0.169724 
test152 0.123678 0.0858095 0.131241 0.279824 0.210844 0.168603 
test153 0.124343 0.0862318 0.132089 0.279236 0.210564 0.167535 
test154 0.123549 0.0860604 0.132201 0.279291 0.209612 0.169286 
test155 0.124198 0.0861871 0.132536 0.277952 0.210985 0.168142 
test156 0.124537 0.0860626 0.133879 0.276621 0.210902 0.167998 
test157 0.123804 0.0864796 0.132269 0.277787 0.209505 0.170155 
test158 0.124062 0.0864325 0.133642 0.276399 0.211588 0.167877 
test159 0.123772 0.0858742 0.13134 0.279559 0.211003 0.168452 
test160 0.124564 0.0867249 0.132945 0.277737 0.211326 0.166703 
test161 0.124149 0.086326 0.13383 0.27747 0.210668 0.167558 
test162 0.124727 0.0868636 0.13336 0.274978 0.210909 0.169162 
test163 0.123805 0.0865032 0.131729 0.278933 0.208914 0.170116 
test164 0.124668 0.0867007 0.132716 0.278824 0.210176 0.166914 
test165 0.124101 0.0866932 0.132756 0.276572 0.209897 0.16998 
test166 0.124242 0.0861697 0.132505 0.278242 0.210685 0.168157 
test167 0.12384 0.086338 0.131902 0.280287 0.208302 0.169331 
test168 0.123742 0.0859159 0.131714 0.280306 0.209228 0.169094 
test169 0.124496 0.0865923 0.133443 0.2774 0.21109 0.166978 
test170 0.124456 0.086277 0.132992 0.277526 0.211591 0.167158 
test171 0.123925 0.0869699 0.132477 0.27896 0.210424 0.167245 
test172 0.123953 0.0859452 0.132297 0.280407 0.209696 0.167702 
test173 0.124348 0.0870536 0.132308 0.276711 0.209451 0.170128 
test174 0.124472 0.0866004 0.133213 0.277709 0.210989 0.167016 
test175 0.124331 0.0865653 0.1328 0.277741 0.210635 0.167927 
test176 0.124731 0.0858852 0.135521 0.274486 0.212635 0.166742 
test177 0.124147 0.0864578 0.133813 0.277439 0.210486 0.167658 
test178 0.124264 0.0864125 0.132848 0.278578 0.211377 0.166521 
test179 0.125009 0.0873994 0.134195 0.274224 0.212146 0.167027 
test180 0.125386 0.086991 0.132536 0.27808 0.210599 0.166408 
test181 0.123902 0.0863221 0.132355 0.277485 0.209994 0.169941 
test182 0.124064 0.0875186 0.132256 0.277006 0.210586 0.168569 
test183 0.124602 0.0866741 0.132721 0.277845 0.210626 0.167531 
test184 0.12449 0.0868227 0.133119 0.277241 0.210702 0.167625 
test185 0.124943 0.0863723 0.134401 0.274353 0.210404 0.169526 
test186 0.124943 0.0868116 0.132633 0.277959 0.210614 0.167039 
test187 0.124217 0.0861466 0.131823 0.280168 0.209306 0.16834 
test188 0.125496 0.0869841 0.132407 0.277558 0.210886 0.166669 
test189 0.12404 0.0859207 0.131052 0.279929 0.210997 0.168061 
test190 0.124676 0.0880048 0.13263 0.275391 0.21099 0.168308 
test191 0.124653 0.0870196 0.133847 0.274982 0.211283 0.168216 
test192 0.124495 0.0863443 0.133408 0.276795 0.21104 0.167917 
test193 0.123997 0.0863718 0.133398 0.277379 0.211023 0.167831 
test194 0.123811 0.0861997 0.132493 0.278702 0.210374 0.16842 
test195 0.124386 0.0857552 0.134068 0.277814 0.210395 0.167582 
test196 0.124269 0.0863801 0.133035 0.278453 0.211439 0.166424 
test197 0.123509 0.0857871 0.131496 0.279212 0.211526 0.168471 
test198 0.123515 0.0855816 0.131228 0.279534 0.211086 0.169055 
test199 0.124111 0.0864771 0.132872 0.277645 0.210642 0.168253 
test200 0.12429 0.0867846 0.132204 0.276675 0.209471 0.170574 
test201 0.122781 0.0854566 0.131595 0.280072 0.210147 0.169949 
test202 0.124458 0.0865741 0.133377 0.277525 0.210656 0.16741 
test203 0.123666 0.0854721 0.131643 0.279378 0.21143 0.168411 
test204 0.123694 0.0861254 0.132216 0.276899 0.210607 0.170459 
test205 0.124053 0.0863473 0.132888 0.278096 0.211693 0.166922 
test206 0.124641 0.0869287 0.133273 0.276591 0.210556 0.168011 
test207 0.125386 0.086991 0.132536 0.27808 0.210599 0.166408 
test208 0.124943 0.0868116 0.132633 0.277959 0.210614 0.167039 
test209 0.124712 0.0867116 0.132803 0.277569 0.210798 0.167406 
test210 0.124466 0.0861293 0.134053 0.276051 0.211366 0.167934 
test211 0.123723 0.0866263 0.132694 0.27911 0.210924 0.166921 
test212 0.12365 0.0860906 0.132072 0.279981 0.209625 0.168582 
test213 0.126233 0.0874906 0.133558 0.27496 0.21267 0.165088 
test214 0.124673 0.0869138 0.13208 0.276934 0.209529 0.169869 
test215 0.124137 0.0864318 0.133344 0.277405 0.211126 0.167556 
test216 0.124233 0.0865551 0.13226 0.279441 0.209915 0.167597 
test217 0.124723 0.086515 0.133506 0.276377 0.212058 0.166821 
test218 0.124495 0.0862178 0.131637 0.280557 0.209149 0.167944 
test219 0.124812 0.0867489 0.132494 0.278022 0.210393 0.16753 
test220 0.123637 0.0861586 0.132585 0.278233 0.210375 0.169012 
test221 0.124453 0.0868859 0.132827 0.277448 0.210835 0.167551 
test222 0.124891 0.0867139 0.133149 0.278094 0.211023 0.166129 
test223 0.124118 0.0873665 0.132728 0.276241 0.21085 0.168696 
test224 0.123592 0.0862835 0.13228 0.277317 0.209211 0.171316 
test225 0.124681 0.0863781 0.132277 0.278224 0.210859 0.16758 
test226 0.123775 0.086594 0.131281 0.278981 0.211284 0.168086 
test227 0.124375 0.0864172 0.132031 0.280571 0.209657 0.166949 
test228 0.124281 0.0865568 0.133347 0.275537 0.211283 0.168995 
test229 0.124146 0.0872481 0.132432 0.278561 0.21007 0.167543 
test230 0.124139 0.0859744 0.132132 0.280922 0.209574 0.167259 
test231 0.124458 0.0865741 0.132568 0.277525 0.210383 0.168491 
test232 0.123905 0.0861552 0.132596 0.276065 0.210392 0.170887 
test233 0.124634 0.0860486 0.13227 0.274168 0.21747 0.165409 
test234 0.124537 0.0860626 0.133879 0.276621 0.210902 0.167998 
test235 0.12524 0.086883 0.132572 0.277714 0.210385 0.167206 
test236 0.123989 0.0863919 0.132749 0.277947 0.210464 0.16846 
test237 0.124375 0.0864172 0.132031 0.280571 0.209657 0.166949 
test238 0.125174 0.0868893 0.132834 0.278677 0.211435 0.16499 
test239 0.124918 0.0869007 0.132553 0.278077 0.210281 0.16727 
test240 0.122986 0.0869316 0.13126 0.278714 0.211202 0.168907 
test241 0.123846 0.0865084 0.132313 0.277482 0.209575 0.170277 
test242 0.125639 0.0873014 0.133067 0.276554 0.211535 0.165903 
test243 0.124018 0.0864543 0.132791 0.277186 0.211389 0.168163 
test244 0.125357 0.0865161 0.132538 0.277867 0.210973 0.16675 
test245 0.124623 0.0867655 0.133284 0.275436 0.210975 0.168917 
test246 0.123921 0.0865206 0.132054 0.277413 0.20926 0.170831 
test247 0.123945 0.0864312 0.132904 0.27816 0.210887 0.167673 
test248 0.124183 0.0862377 0.132336 0.277567 0.211391 0.168286 
test249 0.123775 0.0861366 0.1325 0.277409 0.211268 0.168911 
test250 0.124375 0.0864048 0.132809 0.277226 0.210581 0.168605 
test251 0.124423 0.0859848 0.133308 0.277985 0.211699 0.1666 
test252 0.123563 0.0858393 0.131574 0.279257 0.211001 0.168767 
test253 0.123264 0.0860376 0.132899 0.278817 0.209394 0.169589 
test254 0.124082 0.0861187 0.13442 0.275789 0.211195 0.168395 
test255 0.124408 0.0865217 0.133028 0.277591 0.210584 0.167868 
test256 0.12417 0.0862257 0.131715 0.277535 0.210243 0.17011 
test257 0.124785 0.0872416 0.134713 0.275538 0.211209 0.166514 
test258 0.125116 0.0866038 0.133654 0.277294 0.210693 0.166639 
test259 0.124676 0.0874975 0.133563 0.274526 0.211909 0.167828 
test260 0.124407 0.0865385 0.132797 0.278053 0.210671 0.167533 
test261 0.123851 0.0863049 0.132582 0.277978 0.21013 0.169154 
test262 0.123544 0.0867521 0.13221 0.276676 0.211528 0.169289 
test263 0.123547 0.0867347 0.132109 0.278735 0.209632 0.169243 
test264 0.124128 0.0873345 0.132446 0.276437 0.210694 0.16896 
test265 0.124601 0.0866898 0.132787 0.277666 0.210832 0.167423 
test266 0.124022 0.0863501 0.132607 0.278749 0.210111 0.16816 
test267 0.124112 0.0863386 0.133127 0.277397 0.210767 0.168259 
test268 0.124727 0.0869733 0.132002 0.277124 0.209399 0.169775 
test269 0.12433 0.0865571 0.132756 0.27804 0.210597 0.167719 
test270 0.12445 0.0877679 0.132457 0.276113 0.210979 0.168234 
test271 0.124889 0.0867742 0.132774 0.277839 0.2106 0.167124 
test272 0.1241 0.0863919 0.133023 0.277372 0.210886 0.168228 
test273 0.124006 0.086653 0.134078 0.276516 0.210798 0.16795 
test274 0.124162 0.0858037 0.133477 0.277997 0.210462 0.168098 
test275 0.124458 0.0856833 0.1334 0.277021 0.211741 0.167697 
test276 0.124339 0.0865458 0.133561 0.277367 0.210928 0.16726 
test277 0.124344 0.0869042 0.132766 0.278206 0.210112 0.167667 
test278 0.123975 0.0865096 0.131964 0.28144 0.209507 0.166604 
test279 0.124602 0.0866741 0.132721 0.277845 0.210626 0.167531 
test280 0.12285 0.0850431 0.130936 0.281514 0.210219 0.169439 
test281 0.123829 0.0866809 0.132198 0.277216 0.20971 0.170366 
test282 0.124491 0.0869299 0.132243 0.276913 0.209522 0.169901 
test283 0.124943 0.0868116 0.132633 0.277959 0.210614 0.167039 
test284 0.124596 0.0865275 0.133016 0.277461 0.211567 0.166833 
test285 0.124812 0.0867206 0.132494 0.27852 0.210393 0.167061 
test286 0.123705 0.0866145 0.132746 0.276651 0.209876 0.170408 
test287 0.125359 0.0869089 0.132411 0.277818 0.211253 0.166251 
test288 0.124378 0.0865251 0.133314 0.277105 0.21148 0.167198 
test289 0.123437 0.0866666 0.132615 0.278603 0.209586 0.169093 
test290 0.123855 0.0863613 0.1323 0.278606 0.210528 0.168351 
test291 0.123975 0.0862738 0.133061 0.276324 0.210118 0.170248 
test292 0.124841 0.0864736 0.132204 0.2783 0.210956 0.167226 
test293 0.125069 0.0883253 0.132618 0.275111 0.211202 0.167675 
test294 0.124344 0.0864678 0.132824 0.278587 0.211222 0.166555 
test295 0.123253 0.0857116 0.131017 0.280485 0.210555 0.168978 
test296 0.124014 0.0864713 0.133269 0.277262 0.210614 0.16837 
test297 0.124965 0.0867217 0.132582 0.277549 0.211081 0.167102 
test298 0.123913 0.0856742 0.133268 0.278217 0.209853 0.169074 
test299 0.124369 0.0863841 0.134208 0.276359 0.211646 0.167034 
test300 0.123474 0.0859445 0.132508 0.278339 0.20962 0.170115 
test301 0.124685 0.086793 0.132598 0.277686 0.210429 0.167808 
test302 0.124268 0.0865633 0.132327 0.279277 0.209721 0.167843 
test303 0.12474 0.0865183 0.132867 0.277766 0.210794 0.167314 
test304 0.125007 0.0864544 0.132885 0.277636 0.212005 0.166013 
test305 0.123659 0.0857958 0.13122 0.279303 0.211267 0.168755 
test306 0.124957 0.0862399 0.133824 0.275708 0.21307 0.166202 
test307 0.124595 0.0870188 0.132762 0.27714 0.21091 0.167574 
test308 0.124602 0.0866741 0.132721 0.277845 0.210626 0.167531 
test309 0.124309 0.0867428 0.13206 0.277197 0.209375 0.170316 
test310 0.123727 0.0863025 0.132761 0.277546 0.211883 0.16778 
test311 0.124467 0.0863855 0.133704 0.276265 0.212042 0.167136 
test312 0.124073 0.0864512 0.132776 0.277243 0.211083 0.168373 
test313 0.124486 0.0865933 0.132598 0.278374 0.210429 0.167519 
test314 0.124738 0.0866697 0.132417 0.277925 0.21096 0.16729 
test315 0.124539 0.0861755 0.13373 0.276387 0.210849 0.16832 
test316 0.124349 0.0865552 0.132665 0.277528 0.210896 0.168007 
test317 0.124476 0.0863899 0.133571 0.276325 0.211982 0.167256 
test318 0.124413 0.0865999 0.132733 0.277546 0.210782 0.167926 
test319 0.124649 0.0859961 0.133723 0.277288 0.210669 0.167675 
test320 0.123802 0.0854021 0.132713 0.277836 0.211119 0.169128 
test321 0.124824 0.0867082 0.132998 0.277098 0.210833 0.167539 
test322 0.124672 0.0867824 0.132849 0.277439 0.210953 0.167304 
test323 0.124943 0.0868116 0.132633 0.277959 0.210614 0.167039 
test324 0.124032 0.086645 0.132551 0.276951 0.20969 0.170131 
test325 0.125112 0.0866617 0.133535 0.276107 0.212276 0.166308 
test326 0.123551 0.085927 0.131806 0.279064 0.211002 0.16865 
test327 0.124143 0.0861127 0.132885 0.279122 0.211072 0.166664 
test328 0.124568 0.0867831 0.132919 0.277841 0.210626 0.167262 
test329 0.124748 0.0867889 0.132772 0.277621 0.210661 0.167409 
test330 0.125011 0.0867541 0.132622 0.27761 0.211128 0.166875 
test331 0.12486 0.0862818 0.132996 0.276925 0.212362 0.166575 
test332 0.124599 0.0860426 0.134184 0.277132 0.21049 0.167553 
test333 0.123966 0.0858257 0.133496 0.277606 0.21041 0.168697 
test334 0.12414 0.0864319 0.132596 0.278233 0.21031 0.16829 
test335 0.124919 0.0868827 0.132521 0.277723 0.210994 0.16696 
test336 0.124943 0.0868116 0.132633 0.277959 0.210614 0.167039 
test337 0.123219 0.0859518 0.132383 0.27873 0.210451 0.169266 
test338 0.124646 0.0867841 0.132409 0.277446 0.211065 0.167649 
test339 0.124575 0.086412 0.133522 0.276048 0.212683 0.166761 
test340 0.124646 0.0866052 0.132318 0.279501 0.210114 0.166817 
test341 0.123998 0.0872533 0.133195 0.275237 0.209692 0.170626 
test342 0.123914 0.0862698 0.13311 0.27818 0.210533 0.167993 
test343 0.124539 0.0863941 0.132539 0.277261 0.210472 0.168795 
test344 0.124537 0.0860626 0.133879 0.276621 0.210902 0.167998 
test345 0.124422 0.0866621 0.132951 0.275864 0.210382 0.169718 
test346 0.123953 0.0860803 0.133535 0.276757 0.211341 0.168333 
test347 0.124609 0.0866653 0.133273 0.276785 0.211705 0.166963 
test348 0.124673 0.0864883 0.133144 0.277473 0.210982 0.167239 
test349 0.123236 0.0856999 0.13107 0.278272 0.210248 0.171474 
test350 0.124531 0.0859626 0.133668 0.277862 0.210908 0.167067 
test351 0.123468 0.0866029 0.133179 0.276708 0.21108 0.168962 
test352 0.123793 0.0871627 0.132356 0.277119 0.209784 0.169786 
test353 0.124154 0.0862849 0.13283 0.277075 0.21106 0.168595 
test354 0.123901 0.0871449 0.133325 0.276107 0.211227 0.168295 
test355 0.124258 0.0869692 0.132226 0.276631 0.209475 0.170441 
test356 0.124749 0.086732 0.132636 0.277666 0.21049 0.167727 
test357 0.124768 0.0872476 0.132677 0.278008 0.210275 0.167024 
test358 0.124602 0.0866741 0.132721 0.277845 0.210626 0.167531 
test359 0.124407 0.0867684 0.13359 0.274558 0.211116 0.16956 
test360 0.123624 0.0856847 0.133323 0.277537 0.209997 0.169834 
test361 0.124945 0.0873639 0.132753 0.277212 0.209992 0.167734 
test362 0.12423 0.0861564 0.133771 0.276929 0.210553 0.168361 
test363 0.124383 0.0864718 0.133694 0.277492 0.210488 0.167472 
test364 0.125039 0.0866106 0.133846 0.276705 0.210981 0.166819 
test365 0.124276 0.0864556 0.133253 0.276143 0.211894 0.167979 
test366 0.123928 0.0863535 0.13347 0.277957 0.210229 0.168062 
test367 0.124801 0.0866209 0.133587 0.275844 0.212644 0.166503 
test368 0.125102 0.0872965 0.132544 0.273946 0.211308 0.169803 
test369 0.124203 0.0865326 0.133461 0.277639 0.210212 0.167952 
test370 0.12308 0.085372 0.13191 0.279806 0.210548 0.169284 
test371 0.123624 0.0860572 0.133489 0.278673 0.209794 0.168363 
test372 0.123664 0.0857591 0.132727 0.277385 0.212325 0.168139 
test373 0.125859 0.0875954 0.13382 0.274506 0.212626 0.165594 
test374 0.12447 0.086192 0.133501 0.275946 0.212224 0.167667 
test375 0.124786 0.0865569 0.134107 0.275336 0.212641 0.166574 
test376 0.124182 0.0873824 0.132126 0.277737 0.210352 0.16822 
test377 0.124485 0.0865456 0.132576 0.277381 0.211077 0.167935 
test378 0.124101 0.086383 0.132891 0.278415 0.21117 0.16704 
test379 0.124403 0.0868848 0.133046 0.276012 0.211525 0.16813 
test380 0.123912 0.0865981 0.132422 0.277167 0.209841 0.17006 
test381 0.124384 0.0859451 0.134402 0.2758 0.211903 0.167566 
test382 0.123472 0.0868658 0.132334 0.275766 0.210645 0.170918 
test383 0.124617 0.0865917 0.132673 0.277498 0.211015 0.167605 
test384 0.123776 0.0857896 0.130774 0.279437 0.210548 0.169676 
test385 0.124096 0.0859152 0.134787 0.276807 0.210422 0.167973 
test386 0.124481 0.0865039 0.132538 0.277758 0.210357 0.168363 
test387 0.124967 0.0871435 0.132854 0.277299 0.211071 0.166666 
test388 0.124602 0.0866741 0.132721 0.277845 0.210626 0.167531 
test389 0.124495 0.0864153 0.133969 0.275633 0.212657 0.166831 
test390 0.123867 0.0860113 0.131529 0.279252 0.211041 0.1683 
test391 0.12426 0.0861297 0.132294 0.279495 0.209714 0.168108 
test392 0.124297 0.0864773 0.133127 0.277459 0.210882 0.167757 
test393 0.124551 0.0866383 0.132856 0.277731 0.210612 0.167613 
test394 0.124855 0.0867509 0.132541 0.277765 0.210897 0.167191 
test395 0.124602 0.0866776 0.132696 0.275833 0.210334 0.169857 
test396 0.124284 0.0874308 0.132199 0.276096 0.210658 0.169332 
test397 0.124119 0.0864037 0.133302 0.277807 0.210954 0.167415 
test398 0.123148 0.085581 0.132791 0.276795 0.210241 0.171444 
test399 0.125114 0.0876288 0.133653 0.275954 0.211122 0.166528 
test400 0.12377 0.0868638 0.131957 0.27812 0.209903 0.169386 
test401 0.125386 0.086991 0.132536 0.27808 0.210599 0.166408 
test402 0.124602 0.0866741 0.132721 0.277845 0.210626 0.167531 
test403 0.124331 0.0862128 0.134077 0.27637 0.211372 0.167638 
test404 0.124025 0.0864629 0.133176 0.275656 0.211143 0.169538 
test405 0.123784 0.0858401 0.131499 0.279408 0.211108 0.168361 
test406 0.125083 0.0869034 0.132635 0.277776 0.210666 0.166936 
test407 0.123386 0.0855648 0.132118 0.279891 0.20944 0.1696 
test408 0.125059 0.0866275 0.133496 0.276279 0.212229 0.16631 
test409 0.124748 0.0860647 0.13383 0.276717 0.210837 0.167803 
test410 0.124515 0.0866699 0.131901 0.276094 0.212256 0.168563 
test411 0.12434 0.0857911 0.134435 0.274867 0.211769 0.168798 
test412 0.124142 0.086243 0.133244 0.277052 0.211105 0.168214 
test413 0.124043 0.0869707 0.132297 0.279287 0.210183 0.167219 
test414 0.124507 0.0873394 0.132556 0.27757 0.210751 0.167276 
test415 0.124164 0.0861558 0.133277 0.27644 0.212171 0.167792 
test416 0.124463 0.086639 0.13258 0.277128 0.210703 0.168486 
test417 0.124565 0.0867275 0.132736 0.277181 0.210935 0.167857 
test418 0.124323 0.086937 0.131288 0.281392 0.208955 0.167104 
test419 0.124794 0.0872181 0.132596 0.278299 0.210607 0.166486 
test420 0.124477 0.0859751 0.132819 0.276161 0.211096 0.169471 
test421 0.123932 0.0862077 0.13241 0.279671 0.209666 0.168114 
test422 0.124227 0.0866844 0.133613 0.276605 0.211304 0.167567 
test423 0.124505 0.0864077 0.13202 0.27847 0.211288 0.167308 
test424 0.124682 0.0874413 0.13203 0.279986 0.209637 0.166223 
test425 0.123493 0.0857906 0.132697 0.276202 0.211756 0.170062 
test426 0.123807 0.0858012 0.132527 0.277392 0.21136 0.169112 
test427 0.124332 0.0877464 0.131845 0.275256 0.209864 0.170956 
test428 0.124783 0.0865978 0.133514 0.27684 0.212475 0.16579 
test429 0.124419 0.0865472 0.132527 0.278902 0.210317 0.167286 
test430 0.124038 0.0861612 0.132622 0.278591 0.211001 0.167587 
test431 0.124602 0.0866741 0.132721 0.277845 0.210626 0.167531 
test432 0.124027 0.0865417 0.133311 0.276565 0.211344 0.168212 
test433 0.124611 0.0880032 0.13165 0.275124 0.209787 0.170824 
test434 0.124051 0.0863167 0.13478 0.276772 0.211085 0.166995 
test435 0.124205 0.0867737 0.132548 0.277048 0.210986 0.168439 
test436 0.124837 0.086738 0.132521 0.278259 0.210436 0.16721 
test437 0.124564 0.0859948 0.134837 0.275809 0.212387 0.166407 
test438 0.124424 0.0867265 0.132986 0.277285 0.210533 0.168045 
test439 0.124979 0.087077 0.132771 0.277229 0.210692 0.167253 
test440 0.124477 0.0859893 0.133642 0.276418 0.211532 0.167942 
test441 0.124384 0.0865163 0.132891 0.277236 0.210366 0.168608 
test442 0.124394 0.0861656 0.132834 0.277132 0.211639 0.167835 
test443 0.123714 0.0858335 0.13318 0.278548 0.210302 0.168422 
test444 0.124097 0.0865353 0.132442 0.276388 0.212003 0.168535 
test445 0.123673 0.0861684 0.131699 0.27885 0.208662 0.170948 
test446 0.124656 0.0861035 0.132867 0.277877 0.211124 0.167372 
test447 0.123456 0.0851157 0.132547 0.279087 0.211156 0.168638 
test448 0.124806 0.0861045 0.133892 0.276614 0.210934 0.167649 
test449 0.123894 0.0865352 0.132527 0.276448 0.209652 0.170944 
test450 0.125059 0.0866275 0.133496 0.276279 0.212229 0.16631 
test451 0.124741 0.0869751 0.133 0.27743 0.21052 0.167333 
test452 0.124571 0.0871001 0.133573 0.274053 0.21047 0.170233 
test453 0.123042 0.0858065 0.133241 0.278894 0.209854 0.169163 
test454 0.124437 0.0862197 0.133344 0.276208 0.211559 0.168232 
test455 0.123931 0.0857189 0.133964 0.277313 0.210878 0.168196 
test456 0.124443 0.0864963 0.133438 0.275895 0.212209 0.167518 
test457 0.124385 0.0863748 0.134055 0.276761 0.211337 0.167087 
test458 0.124806 0.0861045 0.133892 0.276614 0.210934 0.167649 
test459 0.124148 0.0864227 0.132583 0.277924 0.210957 0.167965 
test460 0.124429 0.0865365 0.133254 0.276068 0.212089 0.167623 
test461 0.124531 0.086485 0.13362 0.276694 0.211804 0.166866 
test462 0.12472 0.0867477 0.132639 0.277469 0.210392 0.168032 
test463 0.124198 0.0870433 0.133231 0.277201 0.210714 0.167612 
test464 0.124486 0.0865933 0.132598 0.278119 0.210429 0.167775 
test465 0.123613 0.0859157 0.131799 0.278713 0.210875 0.169084 
test466 0.122278 0.0852515 0.132373 0.27989 0.210094 0.170113 
test467 0.124363 0.0865381 0.132575 0.277857 0.211421 0.167246 
test468 0.123749 0.085806 0.131351 0.281429 0.209384 0.168281 
test469 0.124287 0.0864412 0.132841 0.278249 0.210751 0.167431 
test470 0.124688 0.0862115 0.133693 0.275878 0.212719 0.166809 
test471 0.124587 0.0866355 0.133254 0.276411 0.211499 0.167613 
test472 0.123848 0.0862335 0.13152 0.279064 0.208478 0.170856 
test473 0.125059 0.0866275 0.133496 0.276279 0.212229 0.16631 
test474 0.124506 0.0866074 0.132619 0.278118 0.210464 0.167686 
test475 0.124338 0.0864405 0.132956 0.277341 0.210853 0.168071 
test476 0.124356 0.0868976 0.133482 0.275795 0.211006 0.168463 
test477 0.124098 0.0866917 0.132248 0.277424 0.209509 0.170029 
test478 0.123886 0.0865368 0.132367 0.276937 0.20968 0.170593 
test479 0.123799 0.0856685 0.131116 0.279634 0.211299 0.168483 
test480 0.123002 0.0859218 0.131219 0.278376 0.21056 0.170921 
test481 0.124497 0.0869311 0.133226 0.276493 0.210556 0.168296 
test482 0.124244 0.0861471 0.134238 0.276155 0.212129 0.167086 
test483 0.124859 0.0869772 0.133822 0.275088 0.210573 0.16868 
test484 0.125156 0.0865637 0.132593 0.278214 0.209811 0.167661 
test485 0.123774 0.0866241 0.132944 0.276255 0.210753 0.16965 
test486 0.124943 0.0868116 0.132633 0.277959 0.210614 0.167039 
test487 0.123547 0.0856668 0.132409 0.278457 0.211247 0.168673 
test488 0.124723 0.086515 0.133506 0.276377 0.212058 0.166821 
test489 0.124858 0.086748 0.132457 0.278439 0.210173 0.167325 
test490 0.124174 0.0866188 0.132619 0.277065 0.209739 0.169784 
test491 0.124739 0.0862612 0.133971 0.274663 0.210728 0.169638 
test492 0.12417 0.0861846 0.133567 0.276995 0.211649 0.167434 
test493 0.125494 0.0868469 0.133991 0.275175 0.212764 0.165729 
test494 0.123919 0.0856281 0.133024 0.278865 0.209611 0.168953 
test495 0.124984 0.0864354 0.133356 0.276642 0.212086 0.166496 
test496 0.123797 0.0856921 0.132149 0.278226 0.212273 0.167863 
test497 0.124569 0.0868089 0.132394 0.27738 0.210851 0.167998 
test498 0.124129 0.087286 0.133065 0.27524 0.211612 0.168667 
test499 0.124692 0.0877534 0.132531 0.278004 0.210176 0.166843 
test500 0.124255 0.0864704 0.132493 0.278035 0.210147 0.1686 
